[[15.7522, 15.3539, 14.9483, 14.5284, 14.0800, 13.6170, 13.1475, 12.6438,12.1274, 11.5817, 11.0208, 10.4253,  9.8172,  9.1869,  8.5154,  7.8192, 7.1039,  6.3578,  5.5723,  4.7567,  3.9151,  3.0391,  2.1258,  1.0799, 0.0856,  1.0983,  1.0929],
[11.0121, 10.4219,  9.8073,  9.1641,  8.4917,  7.8077,  7.0799,  6.3305, 5.5491,  4.7418,  3.9024,  3.0162,  2.0940,  1.0669,  0.0642,  1.0979, 1.0928,  1.0992,  1.0937,  1.0919,  1.0989,  1.0906,  1.0975,  1.1007, 1.0981,  1.0988,  1.0964],
[13.1461, 12.6443, 12.1286, 11.5838, 11.0249, 10.4337,  9.8233,  9.1859, 8.5237,  7.8401,  7.1255,  6.3774,  5.5967,  4.7785,  3.9379,  3.0502, 2.1380,  1.0919,  0.1004,  1.0971,  1.0933,  1.0964,  1.0923,  1.0905, 1.0907,  1.0891,  1.0835],
[15.7508, 15.3547, 14.9531, 14.5236, 14.0800, 13.6215, 13.1397, 12.6433, 12.1305, 11.5827, 11.0261, 10.4325,  9.8181,  9.1845,  8.5292,  7.8312, 7.1101,  6.3689,  5.5932,  4.7806,  3.9340,  3.0543,  2.1347,  1.0861, 0.0768,  1.0943,  1.0896],
[14.0931, 13.6277, 13.1467, 12.6503, 12.1381, 11.5935, 11.0358, 10.4460, 9.8312,  9.2022,  8.5437,  7.8489,  7.1353,  6.3863,  5.6074,  4.7961, 3.9528,  3.0708,  2.1569,  1.1026,  0.0960,  1.0953,  1.0910,  1.0906, 1.0908,  1.0898,  1.0966],
[ 9.1799,  8.5118,  7.8189,  7.0933,  6.3337,  5.5517,  4.7379,  3.8877, 3.0066,  2.0907,  1.0652,  0.0637,  1.0920,  1.0871,  1.0886,  1.0857, 1.0872,  1.0916,  1.0849,  1.0817,  1.0827,  1.0792,  1.0801,  1.0754, 1.0786,  1.0723,  1.0733],
[15.7543, 15.3531, 14.9470, 14.5198, 14.0790, 13.6158, 13.1376, 12.6347, 12.1196, 11.5784, 11.0106, 10.4250,  9.8087,  9.1740,  8.5097,  7.8162, 7.0959,  6.3475,  5.5641,  4.7518,  3.9084,  3.0214,  2.1070,  1.0771, 0.0674,  1.0965,  1.0918],
[16.8251, 16.4751, 16.1146, 15.7369, 15.3459, 14.9361, 14.5123, 14.0678, 13.6083, 13.1259, 12.6273, 12.1119, 11.5629, 11.0038, 10.4081,  9.7923, 9.1583,  8.4968,  7.7992,  7.0822,  6.3246,  5.5477,  4.7257,  3.8838, 2.9975,  2.0783,  1.0570]]

[[15.7522, 15.3539, 14.9483, 14.5284, 14.0801, 13.6170, 13.1475, 12.6438, 12.1274, 11.5817, 11.0208, 10.4253,  9.8172,  9.1869,  8.5154,  7.8192, 7.1039,  6.3578,  5.5723,  4.7567,  3.9151,  3.0391,  2.1258,  1.0799, 0.0856,  1.0983,  1.0929],
[11.0121, 10.4219,  9.8073,  9.1641,  8.4917,  7.8077,  7.0799,  6.3305, 5.5491,  4.7418,  3.9024,  3.0162,  2.0940,  1.0669,  0.0642,  1.0979, 1.0928,  1.0992,  1.0937,  1.0919,  1.0989,  1.0906,  1.0975,  1.1007, 1.0981,  1.0988,  1.0964],
[13.1461, 12.6443, 12.1286, 11.5838, 11.0249, 10.4337,  9.8233,  9.1859, 8.5237,  7.8401,  7.1255,  6.3774,  5.5967,  4.7785,  3.9379,  3.0502, 2.1380,  1.0919,  0.1004,  1.0971,  1.0933,  1.0964,  1.0923,  1.0905, 1.0907,  1.0891,  1.0835],
[15.7508, 15.3547, 14.9531, 14.5236, 14.0800, 13.6215, 13.1397, 12.6433, 12.1305, 11.5827, 11.0261, 10.4325,  9.8181,  9.1845,  8.5292,  7.8312, 7.1101,  6.3689,  5.5932,  4.7806,  3.9340,  3.0543,  2.1347,  1.0861, 0.0768,  1.0943,  1.0896],
[14.0931, 13.6277, 13.1467, 12.6503, 12.1381, 11.5935, 11.0358, 10.4460, 9.8312,  9.2022,  8.5437,  7.8489,  7.1353,  6.3863,  5.6074,  4.7961, 3.9528,  3.0708,  2.1569,  1.1026,  0.0960,  1.0953,  1.0910,  1.0906, 1.0908,  1.0898,  1.0966],
[ 9.1799,  8.5118,  7.8189,  7.0933,  6.3337,  5.5517,  4.7379,  3.8877, 3.0066,  2.0907,  1.0652,  0.0637,  1.0920,  1.0871,  1.0886,  1.0857, 1.0872,  1.0916,  1.0849,  1.0817,  1.0827,  1.0792,  1.0801,  1.0754, 1.0786,  1.0723,  1.0733],
[15.7543, 15.3531, 14.9470, 14.5198, 14.0790, 13.6158, 13.1376, 12.6347, 12.1196, 11.5784, 11.0106, 10.4250,  9.8087,  9.1740,  8.5096,  7.8162, 7.0959,  6.3475,  5.5641,  4.7518,  3.9084,  3.0214,  2.1070,  1.0771, 0.0674,  1.0965,  1.0918],
[16.8251, 16.4751, 16.1146, 15.7369, 15.3459, 14.9361, 14.5123, 14.0678, 13.6083, 13.1259, 12.6273, 12.1119, 11.5629, 11.0038, 10.4081,  9.7923, 9.1583,  8.4968,  7.7992,  7.0822,  6.3246,  5.5477,  4.7257,  3.8838, 2.9975,  2.0783,  1.0570]]